
   FLGR:    1.00000D-02  2.00000D-02  5.00000D-02  7.50000D-02  1.00000D-01  1.50000D-01  2.00000D-01  5.00000D-01  7.50000D-01  8.50000D-01  1.00000D+00

   LAGR:    1.16178D-01  1.51588D-01  2.07604D-01  2.39211D-01  2.67290D-01  3.31775D-01  3.86002D-01  6.90800D-01  1.16835D+00  1.63458D+00  3.40849D-01

   AVMA:    7.50188D-04  7.50188D-04  7.69423D-04  8.25206D-04  7.50188D-04  8.23976D-04  7.85911D-04  9.06571D-04  1.09567D-03  1.27247D-03  1.62925D-05
