
   FLGR:    1.00000E-02  2.00000E-02  5.00000E-02  7.50000E-02  1.00000E-01  1.50000E-01  2.00000E-01  5.00000E-01  7.50000E-01  8.50000E-01  1.00000E+00

   LAGR:    1.32304E-01  1.64525E-01  2.23673E-01  2.63253E-01  2.97020E-01  3.59795E-01  4.13343E-01  7.57131E-01  1.28991E+00  1.73166E+00  1.13970E+01

   AVMA:    1.98533E-04  1.98822E-04  2.04132E-04  1.95600E-04  1.95600E-04  1.98590E-04  1.95737E-04  2.02491E-04  1.98728E-04  2.00295E-04  1.99804E-04
