
   FLGR:    1.00000E-02  2.00000E-02  5.00000E-02  7.50000E-02  1.00000E-01  1.50000E-01  2.00000E-01  5.00000E-01  7.50000E-01  8.50000E-01  1.00000E+00

   LAGR:    1.31759E-01  1.64370E-01  2.20344E-01  2.56488E-01  2.91946E-01  3.57256E-01  4.06576E-01  7.55973E-01  1.27227E+00  1.70765E+00  1.13970E+01

   AVMA:    4.72242E-04  3.06824E-04  3.13150E-04  2.62432E-04  2.31822E-04  2.15972E-04  2.15835E-04  1.98734E-04  1.89681E-04  1.84094E-04  1.84094E-04
