
   FLGR:    1.00000E-02  2.00000E-02  5.00000E-02  7.50000E-02  1.00000E-01  1.50000E-01  2.00000E-01  5.00000E-01  7.50000E-01  8.50000E-01  1.00000E+00

   LAGR:    1.34812E-01  1.65200E-01  2.27639E-01  2.64973E-01  3.00691E-01  3.65769E-01  4.17097E-01  7.78464E-01  1.33916E+00  1.85277E+00  1.15120E+01

   AVMA:    1.84094E-04  1.84094E-04  1.88726E-04  1.84094E-04  1.84094E-04  1.84094E-04  1.84094E-04  1.85460E-04  1.93199E-04  2.10393E-04  2.82741E-04
