
   FLGR:    1.00000E-02  2.00000E-02  5.00000E-02  7.50000E-02  1.00000E-01  1.50000E-01  2.00000E-01  5.00000E-01  7.50000E-01  8.50000E-01  1.00000E+00

   LAGR:    1.32989E-01  1.62032E-01  2.34567E-01  2.71952E-01  3.03492E-01  3.68852E-01  4.28667E-01  7.63019E-01  1.23754E+00  1.65848E+00  1.15004E+01

   AVMA:    1.98533E-04  1.98822E-04  1.93596E-04  2.15835E-04  1.95600E-04  1.98763E-04  1.89673E-04  2.01403E-04  2.00642E-04  2.06729E-04  1.95691E-04
