
   FLGR:    1.00000E-02  2.00000E-02  5.00000E-02  7.50000E-02  1.00000E-01  1.50000E-01  2.00000E-01  5.00000E-01  7.50000E-01  8.50000E-01

   LAGR:    1.34509E-01  1.84804E-01  2.51963E-01  2.84094E-01  3.09798E-01  3.67781E-01  4.25033E-01  7.78366E-01  1.29541E+00  1.73722E+00

   AVMA:    4.40225E-04  2.61608E-04  2.68067E-04  2.52418E-04  2.23543E-04  2.23720E-04  2.15835E-04  2.00864E-04  1.89681E-04  1.86842E-04
